-2.85643553734
0.868039250374
-0.647449731827
-1.77360868454
0.11660323292
-1.19309163094
-0.948960006237
1.36352217197
0.466350853443
4.17533111572
-1.76255095005
-0.168574944139
0.762263119221
1.35284745693
2.03286719322
0.682313680649
-1.70506548882
2.51190042496
2.54932379723
1.46381092072
0.594897866249
-0.208063408732
1.61402964592
3.59505629539
1.264067173
-3.62288498878
-0.524679780006
-2.62272524834
-4.63130140305
-0.666227579117
-1.8394497633
-3.72046113014
-2.37066459656
-2.34899878502
-3.54800343513
-2.45356726646
0.047086417675
-4.84510612488
-2.64440202713
-0.780412018299
-0.828775525093
-2.32843589783
-2.75010919571
-0.523715853691
-0.0670844763517
-0.215359538794
-1.07479989529
-0.34036397934
0.601721525192
1.40806210041
4.97350311279
-1.05671691895
-2.29391932487
-2.3322532177
0.24970343709
-1.40426504612
-0.803919434547
-3.26190280914
2.73437523842
-0.0506687760353
0.27398955822
-0.604848444462
0.152385368943
-2.439691782
-0.735270023346
0.168733596802
-2.74744915962
2.3287422657
-2.42479896545
-3.24834275246
-0.91074103117
-0.860194802284
-0.301159620285
1.26476323605
1.02470326424
-1.15591049194
1.5727840662
1.93194818497
-1.34536898136
0.737235546112
-0.35196647048
-3.88367891312
0.853028595448
-1.89892029762
4.03517436981
1.58291697502
-0.929625511169
-1.30873203278
2.80434560776
-0.113759882748
-0.523699879646
-0.178469344974
-0.18054664135
1.85296964645
0.927222371101
-1.72196996212
2.87536978722
-2.12407445908
-2.63123416901
0.586511969566
0.276898026466
1.66070580482
0.000429647043347
1.03148555756
1.6145285368
0.717905402184
-0.493147820234
-1.97210586071
-1.46794354916
-3.13311743736
-4.4943151474
-2.75705814362
-2.09634160995
-2.17590618134
-1.86312258244
-4.2942609787
-1.81230759621
-2.61257696152
0.323471426964
-2.05837845802
-3.14765071869
0.62470471859
-2.39831089973
1.56565976143
0.0980283021927
-3.26893353462
-1.10939717293
2.26112747192
1.65694618225
0.56834435463
1.75710880756
4.01259613037
4.92913007736
3.41057276726
5.18003749847
2.02628469467
0.615796506405
0.820967435837
1.25347554684
-2.4421069622
-3.54165363312
-1.25160551071
-2.15501022339
-3.01438879967
1.47962021828
0.0594143569469
-2.02121305466
-2.31936597824
2.37373375893
-3.58232355118
-0.548762202263
-0.258569478989
-2.84455609322
-1.51600551605
-1.95437729359
-0.718790590763
-0.0821172446012
0.268169105053
0.0806262642145
-0.589457035065
1.55189013481
-0.223689466715
-0.48247975111
0.582727789879
1.31652760506
1.55484735966
0.609358668327
1.13652563095
-0.423031061888
1.10001480579
0.0895417630672
1.09712445736
0.517380058765
2.20135569572
0.100620158017
-1.16140031815
0.677838683128
1.78427457809
0.669198930264
-0.161380544305
-0.651293218136
-0.550579965115
0.0386663079262
0.694556355476
-0.333292961121
-2.18804883957
-0.952947378159
-1.39270949364
-1.32810020447
-0.303750693798
-2.91171550751
0.153865367174
-0.425832927227
-1.55427265167
-2.73261809349
0.0381908416748
-0.327920019627
1.42392683029
0.0592733025551
0.454085886478
-1.42109668255
-1.84900283813
0.284853100777
0.882014036179
-0.76266849041
0.514480948448
0.858417749405
-2.56243681908
0.754113554955
-0.987885475159
-1.95461463928
-0.452868402004
0.51945990324
-0.0924791842699
0.559870421886
0.0199482142925
-1.69248008728
0.677759647369
-0.442919492722
-1.94548630714
-0.548113107681
2.03893494606
0.57935488224
4.40208864212
2.64420771599
2.6002202034
-0.0659715384245
1.30243873596
0.780601143837
1.0584731102
2.69046425819
1.72699654102
1.3933006525
2.93066716194
1.00775671005
1.86906051636
0.946499884129
1.12364029884
1.17671895027
1.67561459541
1.43690299988
0.474348455667
-0.482881128788
-2.29173851013
1.81804430485
-0.731144428253
0.648991167545
-0.420841753483
1.30600261688
2.58376312256
2.06301093102
-1.62945485115
-0.0161430612206
-1.03395092487
-1.83948051929
-1.24286603928
0.239873543382
1.44462394714
0.531560361385
-0.639236927032
-0.61106801033
1.01536619663
-3.07975006104
-0.661498188972
0.550808906555
-0.825990438461
-1.85399115086
2.35928153992
-1.1027752161
3.02265334129
1.20057344437
3.20945549011
2.36135101318
1.71405720711
0.92204028368
0.925243079662
-1.33271598816
2.89680314064
1.25685405731
1.74871182442
3.08171582222
-1.25875854492
-1.42460715771
-0.723171710968
0.21151548624
-1.66445994377
1.26578509808
1.37998378277
-1.32779073715
0.459021389484
0.931593894958
-2.57810425758
-1.35772395134
0.808430790901
0.0177851170301
3.67481970787
-2.6799185276
4.66758775711
-0.180720880628
-0.525907814503
-3.06175637245
-2.14841747284
-1.78005766869
-2.46165657043
-3.57465171814
-0.358677923679
-2.42371916771
-1.71048247814
-0.332566320896
-1.69637167454
-0.270045489073
0.76613599062
-0.719322443008
4.05867624283
-0.365379571915
-0.14237870276
-2.6664044857
-3.24366116524
-1.07097220421
1.45052313805
0.198888301849
-3.77580499649
-3.1833255291
-2.72692060471
-3.50959992409
-5.27018880844
-4.98810243607
-0.0537122935057
0.521243929863
-2.45528507233
-0.670959889889
0.104048714042
0.840114891529
-4.58363866806
3.6297981739
-0.591583311558
-1.22753179073
1.88966810703
-2.06550359726
-0.733024775982
0.0238637402654
1.96682739258
1.10424292088
0.291844189167
0.380796790123
1.66735672951
2.31551218033
3.04804253578
-0.527516007423
-1.10371756554
-0.638411998749
-2.03732085228
-0.190869018435
0.27518683672
-1.00227975845
2.51821708679
0.329131007195
2.02586364746
0.426431208849
-2.10689020157
-0.351568728685
2.55918574333
0.581385076046
1.77856302261
-2.22901630402
2.97652101517
2.23812317848
2.81707310677
2.86076521873
4.83008956909
2.87818241119
1.54725325108
2.35586023331
1.09951519966
1.36466038227
3.08862042427
-0.730895698071
1.35897636414
2.24959135056
1.20917415619
2.29538440704
5.25879621506
2.63431835175
3.27862930298
0.22017416358
2.59942531586
0.258574396372
2.5813100338
2.74385309219
-0.985609829426
-2.32348942757
-0.789797365665
-4.0232462883
-4.91827630997
-1.85775160789
0.938830494881
-0.577450215816
-2.24740219116
1.41401171684
0.780398070812
0.210021644831
-0.343779802322
1.20223152637
-0.327029645443
-1.44175624847
1.46846961975
1.8714479208
0.930428266525
-0.111888721585
2.32635998726
0.33831423521
-1.90642344952
3.20486354828
-1.36907684803
-0.606288194656
0.524042069912
1.26646053791
0.981286942959
-2.43614912033
-3.59355902672
3.10127353668
6.0732178688
-1.91218066216
0.884115338326
2.47094869614
7.1083984375
-1.05671560764
0.851305007935
4.85049438477
-0.524297237396
0.874301016331
-1.33111107349
1.34050357342
-0.475558698177
-1.06567966938
1.51883292198
-0.141465514898
2.42357754707
1.10597801208
1.38945102692
-2.3906109333
-0.565848886967
5.01390266418
-3.63822054863
2.50556588173
0.118305385113
-0.911945521832
0.0697789639235
3.87069869041
9.07295036316
0.669371247292
-1.33846175671
-0.91195333004
1.30715787411
2.28764796257
-4.01939868927
4.36199092865
-0.209113046527
1.39845216274
-2.21275496483
2.32191348076
-1.30524253845
4.46947669983
-0.872745156288
-4.15620613098
-1.44954538345
0.157137408853
-1.22223210335
0.840667843819
0.471486359835
-0.0884358361363
0.646518170834
1.51862204075
-4.73483228683
-2.5052819252
2.44078016281
2.96829557419
-3.49774217606
0.0335061103106
-2.8912730217
2.1706199646
-2.43765664101
-2.69839262962
0.880320310593
1.25062012672
-4.22261667252
0.585116744041
-0.487375587225
2.83200216293
8.32963562012
-0.0930013656616
0.375888466835
-2.47184324265
-4.24588298798
3.11994576454
1.05983269215
-1.81385540962
4.18638420105
2.40793371201
-2.0719871521
-0.491422057152
1.06323075294
-3.44120430946
-1.50932645798
-2.00683951378
0.585131406784
2.80600142479
-0.652195930481
-2.21729755402
-2.73988723755
0.914019346237
-1.38094127178
-1.73339474201
-0.662450432777
-2.45772004128
0.443652629852
0.390686810017
5.45732069016
-0.289247095585
0.201512813568
-0.962799727917
-4.96035146713
-0.494785964489
2.90678358078
-0.621629238129
7.03932380676
0.324663758278
-0.766406536102
-4.48117494583
-4.36268138885
1.16111588478
-2.703561306
3.45449733734
-1.86223340034
-0.792776942253
-2.08381175995
3.09914374352
2.45929384232
3.767993927
0.765182852745
2.74535489082
-0.00639399886131
-2.01542472839
-0.753578126431
-1.52090096474
1.73090529442
0.392360210419
1.67924308777
0.217556402087
-2.72750043869
-2.71792197227
-3.88582706451
0.479970932007
0.753181219101
2.93552517891
1.93616950512
5.35704898834
3.80984950066
0.394585371017
1.40847277641
-1.80987679958
4.8080239296
8.93384361267
-3.4503698349
1.62673997879
3.19202065468
-1.14508080482
-2.96075844765
0.579428553581
1.80210351944
-1.33222365379
1.30826497078
1.70577585697
2.21376943588
-1.00611722469
3.97017788887
1.55820894241
1.11241066456
-0.545285582542
4.11720848083
9.38217449188
-2.05879688263
-0.165503844619
3.66428565979
-2.94183850288
-1.52874159813
1.18849623203
-1.61257743835
-0.540884554386
-0.578931570053
-3.93973278999
0.113175094128
-3.13918375969
-1.16580271721
3.60361194611
2.72360348701
-0.665849387646
-2.58296561241
-1.29004704952
-0.252984881401
2.68621873856
0.950530230999
3.42604184151
3.9461107254
0.213211148977
-2.96430468559
-3.60445284843
-2.24088001251
-0.212943539023
1.14375150204
-3.49128603935
1.39781284332
4.23897790909
-2.58187866211
0.530781328678
-1.02778875828
0.843920111656
0.971418499947
1.22645831108
1.73923385143
-0.41606092453
2.31780338287
-2.37977409363
-4.8780579567
4.03642368317
-1.48021268845
-1.18599045277
0.870374560356
0.201296851039
-1.61523783207
-2.92562150955
-4.25936555862
1.35340583324
-1.20468223095
5.05383682251
-2.24786186218
-3.65678143501
1.93359649181
-2.53554105759
-1.52619230747
-1.93712997437
-2.02686405182
0.787274539471
-1.24737453461
1.59138941765
3.87432122231
2.87963271141
-0.705125212669
-1.52427566051
0.441880136728
-0.589189648628
-0.0554391890764
1.95757114887
-0.405621409416
0.376828312874
-1.25688552856
-0.315631717443
2.90101838112
-0.767443776131
-4.21466064453
7.33987522125
2.7482213974
-1.13153469563
2.02252674103
3.2679772377
1.19151711464
-1.80201029778
0.961225807667
3.01470351219
6.83169269562
0.757397413254
3.61484384537
1.68064701557
-3.18286514282
-1.19809746742
2.45432114601
-2.0311601162
1.38613986969
-1.42467725277
-2.3481593132
-3.92899680138
-1.2726085186
1.71595931053
-0.0134132802486
-5.03135204315
-1.77424049377
-3.62092065811
0.829080581665
0.722999930382
-0.229162022471
2.85520577431
-3.6770606041
-4.44042205811
0.213908195496
2.95049738884
1.77986955643
0.199422001839
-1.74230146408
3.09888958931
0.677411496639
-2.62163996696
0.134812623262
2.50763940811
4.11493730545
3.8779156208
2.40579080582
7.99969244003
3.24042320251
1.09190690517
-7.21915578842
-3.35065150261
-1.42533922195
-1.26254069805
-0.253497570753
-3.69656443596
-1.16607749462
8.42395782471
-1.70313668251
6.42261838913
-5.25627803802
-6.11508989334
-2.69233965874
0.613307714462
-1.46553850174
2.82689213753
-1.00610017776
-5.05247831345
6.69319105148
-0.634744167328
-1.7587454319
1.13527691364
0.490926504135
-2.28217434883
4.0339179039
-0.268576443195
1.13999640942
-0.393625169992
-2.33782362938
4.12467718124
-3.24948692322
-1.70276331902
1.62969076633
-1.87511920929
7.13095474243
0.494610190392
-0.301884531975
-1.84683656693
-0.79041236639
-4.65532159805
-0.467741847038
-2.53302049637
-0.145537674427
2.41567325592
0.977222084999
-1.19030666351
4.56152534485
1.83291769028
1.10714268684
-1.22735214233
-1.5731574297
-1.23479366302
-2.68374347687
2.06877446175
-2.07713747025
1.66205012798
5.03054904938
-0.327375173569
-3.11700367928
-1.94560277462
-1.58768880367
-2.71230459213
0.693547308445
3.99655413628
-1.64099514484
-0.888231813908
-1.22641515732
1.3982527256
-1.2385174036
0.216252103448
-0.346072405577
3.33437681198
3.79976725578
2.22760677338
-0.982719063759
-1.70584487915
-3.12748026848
-1.5801807642
-0.49485206604
-0.205336272717
4.62319564819
0.67228937149
6.23079681396
2.19914364815
-0.149629384279
3.63967895508
0.128375202417
0.549106419086
-1.40770745277
-3.61985063553
7.45619869232
-2.79417133331
-3.03149819374
-0.306848347187
2.66759634018
-1.02436256409
1.14656853676
-2.50507426262
8.35441207886
-1.62480688095
-4.54939174652
-3.6391928196
-0.173301801085
0.0518710613251
-2.63581705093
-0.72394067049
4.82832241058
-1.07781791687
-2.6615986824
3.12839198112
3.27613973618
2.45950508118
6.04742527008
-1.23041820526
-2.57867646217
1.32422590256
1.1761868
-3.15877842903
-1.83015930653
-0.0931106805801
4.46349382401
0.667451143265
-1.37055397034
-0.704524934292
-0.3789511621
0.975689291954
2.9327082634
1.19665765762
-0.575388133526
-3.51765179634
8.45749759674
3.83718061447
-3.49440932274
-1.005428195
6.78259277344
-2.68955278397
-1.27527856827
1.0528626442
1.37096393108
-2.51428985596
-2.80480790138
-3.28146839142
1.87782883644
0.681995034218
6.21284866333
1.90927779675
-1.09804284573
0.0744983553886
2.71103525162
2.45267152786
0.207848340273
0.160235866904
-0.0139724779874
1.62716901302
1.44322049618
0.775681078434
-2.05439043045
1.41728246212
1.52003955841
-2.07558751106
-2.29465103149
4.89829874039
2.99372196198
4.27079820633
1.9206662178
1.63322639465
0.0205903500319
2.23334741592
7.2575044632
-4.56053781509
5.1054725647
3.76726722717
-0.168612122536
-0.672453999519
0.726998865604
3.60780405998
-3.06665611267
-0.552828013897
1.10589885712
5.16933059692
0.678565919399
0.447375446558
-4.31624603271
0.800999999046
-2.70533370972
0.448609054089
-1.17370569706
1.4131976366
-1.66735899448
-0.830370664597
-0.699549257755
6.09339332581
-3.93325734138
-2.10757565498
-0.216997414827
8.09493732452
5.19344902039
-0.443763017654
-0.854968011379
0.515908479691
-1.30456209183
-1.95445919037
0.468877494335
7.5480723381
1.09620690346
0.994689166546
4.47561693192
-1.03168141842
-2.21123480797
-0.582516551018
2.80036377907
3.44670248032
2.11371707916
-0.837971806526
-4.54678297043
-3.39783883095
-3.00273299217
-5.25831031799
-3.90529322624
-4.71565723419
-2.82093310356
-4.75630664825
-3.72207784653
-2.60805702209
-5.46820306778
-4.38561916351
-5.64401912689
-2.49594306946
-2.37096405029
-4.4004573822
-4.02801322937
-5.34068155289
-4.55832624435
-6.44085550308
-2.06179428101
-0.609701633453
-4.69548559189
1.4894554615
-1.59043431282
-1.57169556618
-2.44061136246
-1.49681067467
-2.72624564171
-4.2503528595
-0.0965197235346
-2.1074411869
-1.32519352436
-2.74010300636
-2.11406326294
2.323564291
-4.79305934906
-4.94377851486
-5.27171182632
-4.62728023529
-2.45911979675
-5.94609737396
-5.80549955368
-0.0411219485104
-3.36863303185
-1.59220027924
-3.31332349777
1.32415378094
2.33016753197
0.98691368103
0.536977648735
2.2479352951
6.15855455399
-0.4961399436
1.31069076061
1.70390498638
3.50548577309
-0.296411305666
0.775272786617
2.88548445702
0.0116276890039
-0.0753960460424
-0.388644576073
-3.47658443451
-1.05998706818
-2.22064042091
0.955079913139
0.0300528630614
-0.937585353851
-2.40877151489
-3.0407576561
-5.07782030106
-0.138636335731
-1.42147934437
-2.46020078659
0.665804028511
-0.952178478241
